1.000000000 0.000000000 0.000000000 0.000000000 0.000000000 1.000000000 0.000000000 0.000000000 0.000000000 0.000000000 1.000000000 0.000000000
0.999998391 0.001356435 0.001157286 -0.007076907 -0.001358898 0.999996781 0.002130526 -0.003232370 -0.001154392 -0.002132095 0.999997079 0.031793505
0.999998331 0.001826822 0.000174216 -0.015808078 -0.001828097 0.999969363 0.007629866 -0.012127509 -0.000160272 -0.007630172 0.999970853 0.080372840
0.999996841 -0.000937228 -0.002330585 -0.021043755 0.000971589 0.999890149 0.014786500 -0.013864660 0.002316471 -0.014788716 0.999887884 0.106849983
0.999966085 -0.006690723 -0.004800498 -0.034681030 0.006795551 0.999731243 0.022163332 -0.017405625 0.004650921 -0.022195201 0.999742866 0.142117977
0.999929845 -0.010738438 -0.004986099 -0.043348931 0.010866673 0.999591172 0.026445929 -0.016506929 0.004700072 -0.026498262 0.999637783 0.171489984
0.999929428 -0.011043927 -0.004374895 -0.046631854 0.011156104 0.999586403 0.026505139 -0.014176905 0.004080365 -0.026552077 0.999639034 0.186053142
0.999892592 -0.013743263 -0.005093760 -0.048040494 0.013872894 0.999556422 0.026352914 -0.014697941 0.004729325 -0.026420753 0.999639750 0.191584155
0.999880552 -0.014426645 -0.005537672 -0.050009269 0.014560621 0.999582171 0.024968047 -0.014607972 0.005175153 -0.025045693 0.999673009 0.201920927
0.999804556 -0.018599400 -0.006700529 -0.057799295 0.018754452 0.999539018 0.023872217 -0.016296688 0.006253432 -0.023993215 0.999692678 0.229600206
0.999720216 -0.022443034 -0.007458075 -0.060878076 0.022598920 0.999512970 0.021520484 -0.015265690 0.006971457 -0.021683011 0.999740541 0.238721699
0.999737978 -0.021685785 -0.007322744 -0.063141510 0.021823077 0.999577045 0.019221010 -0.016840633 0.006902825 -0.019375779 0.999788463 0.246676296
0.999713242 -0.022639854 -0.007802807 -0.064830028 0.022776065 0.999581516 0.017833907 -0.017499287 0.007395785 -0.018006511 0.999810517 0.256283790
0.999728739 -0.021779031 -0.008245166 -0.066362582 0.021915013 0.999619067 0.016777964 -0.017640842 0.007876616 -0.016954107 0.999825239 0.265080750
0.999662459 -0.024089841 -0.009740111 -0.070062585 0.024239119 0.999585867 0.015509578 -0.018511035 0.009362456 -0.015740430 0.999832213 0.283932060
0.999656916 -0.024057705 -0.010358843 -0.066591471 0.024197079 0.999615431 0.013546756 -0.015407255 0.010028954 -0.013792763 0.999854565 0.275836021
0.999677658 -0.023132630 -0.010457160 -0.071801990 0.023248076 0.999668717 0.011056175 -0.016483475 0.010197932 -0.011295719 0.999884129 0.292531163
0.999690652 -0.022761004 -0.010025091 -0.073676310 0.022863127 0.999686658 0.010192676 -0.016878486 0.009789955 -0.010418729 0.999897718 0.301509202
0.999743044 -0.020829340 -0.008950984 -0.076116510 0.020907599 0.999743283 0.008739671 -0.016877010 0.008766643 -0.008924569 0.999921679 0.308722049
0.999834180 -0.015783636 -0.009080599 -0.075364657 0.015844082 0.999852538 0.006624212 -0.017670296 0.008974707 -0.006766987 0.999936759 0.314611048
0.999851465 -0.014868238 -0.008718647 -0.075596586 0.014920040 0.999871373 0.005907509 -0.017501861 0.008629692 -0.006036716 0.999944568 0.310117662
0.999825478 -0.016460937 -0.008845769 -0.075077057 0.016527485 0.999835253 0.007502821 -0.019362291 0.008720808 -0.007647710 0.999932647 0.306143612
0.999846399 -0.015040242 -0.008996515 -0.076440550 0.015097515 0.999865949 0.006332681 -0.018217565 0.008900064 -0.006467532 0.999939501 0.310061425
0.999878824 -0.012848273 -0.008805390 -0.077266380 0.012896122 0.999902248 0.005398794 -0.019455455 0.008735166 -0.005511693 0.999946654 0.314650625
0.999910355 -0.010464394 -0.008353599 -0.080754243 0.010500141 0.999935806 0.004247265 -0.022520581 0.008308618 -0.004334599 0.999956071 0.322441429
0.999922335 -0.009400108 -0.008180924 -0.088316634 0.009430945 0.999948561 0.003738910 -0.027416511 0.008145357 -0.003815773 0.999959469 0.343278110
0.999929726 -0.008322692 -0.008441465 -0.089494355 0.008350079 0.999959946 0.003214328 -0.029369583 0.008414373 -0.003284589 0.999959230 0.349627614
0.999925017 -0.008851163 -0.008461980 -0.091654874 0.008880089 0.999954820 0.003386908 -0.029777110 0.008431620 -0.003461797 0.999958456 0.354594350
0.999923408 -0.009133806 -0.008353505 -0.091420352 0.009165337 0.999950945 0.003744093 -0.030005172 0.008318899 -0.003820369 0.999958038 0.351327926
0.999919653 -0.009614261 -0.008260569 -0.092521779 0.009649835 0.999944210 0.004277472 -0.030593015 0.008218985 -0.004356842 0.999956667 0.350779563
0.999927163 -0.008639145 -0.008429499 -0.092157453 0.008672643 0.999954522 0.003945328 -0.030875485 0.008395034 -0.004018146 0.999956667 0.348772496
0.999918044 -0.009406721 -0.008687441 -0.094768748 0.009443350 0.999946654 0.004185104 -0.032468338 0.008647610 -0.004266799 0.999953508 0.354817837
0.999919951 -0.008962897 -0.008929349 -0.095227592 0.008998022 0.999951899 0.003901387 -0.033108804 0.008893952 -0.003981421 0.999952495 0.357081801
0.999927223 -0.008346593 -0.008709947 -0.095391266 0.008378939 0.999958038 0.003683621 -0.033042047 0.008678834 -0.003756333 0.999955297 0.358344287
0.999926567 -0.008322923 -0.008804085 -0.096029438 0.008353540 0.999959290 0.003446468 -0.033802748 0.008775041 -0.003519762 0.999955237 0.360218793
0.999935508 -0.006815715 -0.009085988 -0.097283117 0.006836781 0.999973953 0.002289462 -0.034166992 0.009070148 -0.002351433 0.999956071 0.363991827
0.999922454 -0.008036562 -0.009511671 -0.096505903 0.008065796 0.999962866 0.003038839 -0.034260646 0.009486899 -0.003115322 0.999950111 0.361112684
0.999918342 -0.008192665 -0.009802748 -0.097211383 0.008227119 0.999960005 0.003479509 -0.035254072 0.009773852 -0.003559873 0.999945879 0.364895046
0.999924421 -0.007668709 -0.009608289 -0.098362409 0.007695657 0.999966502 0.002770817 -0.033673868 0.009586721 -0.002844549 0.999949932 0.365370929
0.999913514 -0.008894246 -0.009683723 -0.098059751 0.008923952 0.999955595 0.003028844 -0.033225067 0.009656352 -0.003114999 0.999948502 0.364002466
0.999921322 -0.008146008 -0.009531983 -0.097976051 0.008174973 0.999962032 0.003003594 -0.033570830 0.009507153 -0.003081281 0.999950051 0.361201316
0.999909461 -0.009670814 -0.009357832 -0.097908497 0.009703849 0.999946833 0.003491276 -0.032926794 0.009323571 -0.003581768 0.999950111 0.355230659
0.999898195 -0.010077603 -0.010102760 -0.099018522 0.010115595 0.999941945 0.003716300 -0.033251759 0.010064722 -0.003818117 0.999942064 0.363074422
0.999880373 -0.011123064 -0.010747396 -0.098584242 0.011163732 0.999930739 0.003731602 -0.032414299 0.010705144 -0.003851136 0.999935210 0.362939596
0.999873042 -0.010941296 -0.011584035 -0.099605277 0.010983974 0.999933124 0.003626797 -0.033767875 0.011543576 -0.003753574 0.999926329 0.370864809
0.999846041 -0.013564272 -0.011124860 -0.103639863 0.013615626 0.999896944 0.004553499 -0.033951987 0.011061951 -0.004704269 0.999927759 0.372065336
0.999847651 -0.012193720 -0.012482928 -0.103506662 0.012245843 0.999916494 0.004107707 -0.034842085 0.012431801 -0.004259945 0.999913573 0.379229724
0.999888778 -0.007968783 -0.012608264 -0.103657968 0.008006997 0.999963522 0.002983288 -0.035567507 0.012584032 -0.003083910 0.999916077 0.382222265
0.999875247 -0.008651991 -0.013216666 -0.103784800 0.008692859 0.999957621 0.003037799 -0.034982227 0.013189820 -0.003152311 0.999907970 0.383849323
0.999855459 -0.009366345 -0.014188768 -0.105028160 0.009413386 0.999950409 0.003252253 -0.033564631 0.014157602 -0.003385347 0.999893963 0.387361616
0.999858499 -0.008736982 -0.014377178 -0.107157327 0.008782162 0.999956667 0.003082504 -0.034743320 0.014349623 -0.003208331 0.999891818 0.394017637
0.999844670 -0.008800225 -0.015269875 -0.107734814 0.008838427 0.999957979 0.002435954 -0.034528300 0.015247797 -0.002570538 0.999880373 0.396305382
0.999833703 -0.009252131 -0.015711054 -0.106116720 0.009296988 0.999952912 0.002784540 -0.034802694 0.015684547 -0.002930143 0.999872625 0.392762482
0.999811947 -0.009827977 -0.016718017 -0.108102165 0.009874917 0.999947548 0.002727491 -0.034360569 0.016690334 -0.002892067 0.999856532 0.401876032
0.999806941 -0.009370483 -0.017271373 -0.110932939 0.009424884 0.999950886 0.003071097 -0.037137356 0.017241744 -0.003233285 0.999846041 0.412090570
0.999770820 -0.010281610 -0.018777994 -0.112356097 0.010350486 0.999940038 0.003574402 -0.040882632 0.018740116 -0.003767944 0.999817431 0.419972867
0.999746084 -0.011497796 -0.019379495 -0.111897528 0.011557004 0.999928892 0.002945889 -0.040958799 0.019344240 -0.003169109 0.999807835 0.422390640
0.999724448 -0.012434626 -0.019906992 -0.113594905 0.012480355 0.999919772 0.002174581 -0.042917449 0.019878348 -0.002422428 0.999799490 0.424701810
0.999668181 -0.015051665 -0.020903554 -0.116516709 0.015079847 0.999885499 0.001191157 -0.043479037 0.020883232 -0.001505984 0.999780774 0.427741200
0.999671519 -0.011583260 -0.022868225 -0.113131903 0.011577184 0.999932826 -0.000398053 -0.046148013 0.022871301 0.000133173 0.999738336 0.434392691
0.999645174 -0.013411778 -0.023010293 -0.115145728 0.013405815 0.999910057 -0.000413364 -0.047598135 0.023013772 0.000104746 0.999735057 0.434968680
0.999499857 -0.018519768 -0.025629953 -0.108885862 0.018510239 0.999828339 -0.000608843 -0.045410529 0.025636831 0.000134121 0.999671459 0.416706979
0.999463439 -0.019742619 -0.026135616 -0.109525993 0.019704495 0.999804378 -0.001715463 -0.044595879 0.026164377 0.001199554 0.999656856 0.419714749
0.999389529 -0.021861002 -0.027252754 -0.110445432 0.021830756 0.999760687 -0.001406884 -0.047019430 0.027276989 0.000811077 0.999627590 0.425570548
0.999381661 -0.020829465 -0.028324721 -0.117101073 0.020744933 0.999779463 -0.003274954 -0.052678362 0.028386688 0.002685334 0.999593556 0.450994909
0.999200702 -0.026572939 -0.029860724 -0.116396099 0.026510499 0.999645472 -0.002484972 -0.053438395 0.029916171 0.001691364 0.999550998 0.452831686
0.999225795 -0.025346015 -0.030089444 -0.117714971 0.025252707 0.999675035 -0.003477060 -0.053318925 0.030167799 0.002714529 0.999541163 0.455059797
0.999301195 -0.022963639 -0.029489772 -0.117470279 0.022821860 0.999726355 -0.005135196 -0.050852299 0.029599627 0.004458596 0.999551892 0.432852775
0.999196291 -0.024106018 -0.032025956 -0.120846145 0.023891121 0.999689519 -0.007075808 -0.053994894 0.032186583 0.006304986 0.999462008 0.454949439
0.999124408 -0.024874849 -0.033640165 -0.123283163 0.024660673 0.999672890 -0.006766669 -0.058152217 0.033797484 0.005931155 0.999411106 0.467871308
0.999037325 -0.027335808 -0.034309641 -0.125787646 0.027167222 0.999616504 -0.005370445 -0.060244493 0.034443293 0.004433178 0.999396741 0.471899450
0.998938143 -0.030471373 -0.034559678 -0.124447510 0.030349718 0.999531150 -0.004039389 -0.058932796 0.034666557 0.002986223 0.999394476 0.466181964
0.998865485 -0.030747317 -0.036363669 -0.127700627 0.030595783 0.999520719 -0.004716576 -0.059795462 0.036491264 0.003598650 0.999327481 0.484041631
0.998701572 -0.034030002 -0.037910096 -0.130334616 0.033886440 0.999415874 -0.004423261 -0.062762022 0.038038474 0.003132880 0.999271512 0.496039599
0.998588204 -0.035805929 -0.039237496 -0.129726052 0.035634957 0.999352038 -0.005048443 -0.063079692 0.039392844 0.003643089 0.999217093 0.494437397
0.998550177 -0.035972498 -0.040047586 -0.129533648 0.035718579 0.999337077 -0.007038174 -0.061900612 0.040274214 0.005597526 0.999172986 0.497940183
0.998568296 -0.035526931 -0.039989807 -0.130097106 0.035260133 0.999351084 -0.007357526 -0.062900789 0.040225245 0.005936946 0.999172986 0.499440044
0.998596430 -0.035298746 -0.039487012 -0.131161362 0.035003670 0.999354184 -0.008139505 -0.063426793 0.039748818 0.006745893 0.999186873 0.499087274
0.998671412 -0.033670284 -0.039009642 -0.133886740 0.033371132 0.999408603 -0.008294981 -0.066910319 0.039265860 0.006982163 0.999204397 0.497549325
0.998618245 -0.034869459 -0.039315145 -0.135604724 0.034575470 0.999369025 -0.008133109 -0.068850301 0.039573934 0.006762531 0.999193788 0.498021126
0.998528123 -0.036550988 -0.040070243 -0.134176895 0.036261290 0.999310791 -0.007933174 -0.069208764 0.040332593 0.006468498 0.999165356 0.501084089
0.998496294 -0.036678310 -0.040739644 -0.135250077 0.036403909 0.999309480 -0.007457257 -0.070457503 0.040985022 0.005962962 0.999141991 0.508912683
0.998498738 -0.037087966 -0.040307887 -0.137731642 0.036809843 0.999293149 -0.007620923 -0.068864584 0.040562041 0.006125756 0.999158263 0.512119830
0.998383880 -0.039449673 -0.040906899 -0.137734503 0.039254755 0.999213755 -0.005557355 -0.070807517 0.041093964 0.003942584 0.999147534 0.508971870
0.998359084 -0.040026013 -0.040955432 -0.139719218 0.039855655 0.999193072 -0.004967882 -0.071969502 0.041121233 0.003327423 0.999148607 0.515471101
0.998461485 -0.037858918 -0.040513527 -0.141024217 0.037623711 0.999270499 -0.006552515 -0.069679484 0.040732034 0.005018165 0.999157488 0.518843770
0.998381674 -0.039392728 -0.041015126 -0.142359510 0.039150584 0.999210835 -0.006690703 -0.070561491 0.041246325 0.005074108 0.999136150 0.525958061
0.998449326 -0.038633090 -0.040079769 -0.143265158 0.038388018 0.999239266 -0.006866735 -0.071331464 0.040314566 0.005317504 0.999172866 0.525094569
0.998262286 -0.041916396 -0.041416634 -0.143800825 0.041665994 0.999107838 -0.006891173 -0.073224187 0.041668534 0.005153533 0.999118209 0.530166090
0.998032570 -0.046087023 -0.042508341 -0.145743653 0.045905996 0.998932123 -0.005225494 -0.075255513 0.042703774 0.003263826 0.999082446 0.537598610
0.998307943 -0.040709917 -0.041519672 -0.145558193 0.040490899 0.999161243 -0.006102689 -0.074207641 0.041733287 0.004411194 0.999119043 0.541350007
0.998593867 -0.035390925 -0.039468370 -0.152512759 0.035136566 0.999357164 -0.007120175 -0.074131906 0.039694987 0.005723380 0.999195457 0.563977480
0.998874962 -0.028557662 -0.037862137 -0.155560628 0.028218808 0.999557078 -0.009454296 -0.074446708 0.038115360 0.008375233 0.999238193 0.576253474
0.998902261 -0.027425312 -0.037975430 -0.155292854 0.027079072 0.999587297 -0.009601995 -0.075671777 0.038223095 0.008563117 0.999232471 0.573864281
0.998914063 -0.026566954 -0.038273238 -0.156116277 0.026250480 0.999617100 -0.008747716 -0.081647702 0.038490977 0.007733524 0.999229014 0.576908231
0.999060929 -0.022685979 -0.036912572 -0.153140411 0.022329450 0.999700248 -0.010042633 -0.081342079 0.037129331 0.009208966 0.999267995 0.566363871
0.999163091 -0.019587554 -0.035908129 -0.155775577 0.019182201 0.999748707 -0.011598616 -0.082111426 0.036126293 0.010900110 0.999287784 0.571979761
0.999099195 -0.022967624 -0.035683662 -0.154715598 0.022594377 0.999686062 -0.010828063 -0.080414146 0.035921156 0.010012059 0.999304473 0.563392341
0.998987317 -0.026706060 -0.036208328 -0.151929542 0.026371548 0.999605298 -0.009684931 -0.079655550 0.036452685 0.008720255 0.999297321 0.552458346
0.998882711 -0.028968072 -0.037339211 -0.152933955 0.028697744 0.999557972 -0.007755779 -0.083324432 0.037547391 0.006675563 0.999272466 0.554800272
0.998870015 -0.028539708 -0.038002059 -0.155949637 0.028243249 0.999566436 -0.008315437 -0.083295375 0.038222913 0.007232739 0.999243081 0.569966972
0.998829722 -0.029742664 -0.038138852 -0.156409875 0.029456250 0.999533653 -0.008049998 -0.083698548 0.038360503 0.006917149 0.999240041 0.573945582
0.998759151 -0.031974718 -0.038178638 -0.155985415 0.031736098 0.999472857 -0.006840115 -0.083998896 0.038377222 0.005619987 0.999247491 0.575525701
0.998766959 -0.031820722 -0.038103785 -0.154386222 0.031550325 0.999472797 -0.007676684 -0.081391566 0.038327973 0.006465033 0.999244273 0.568412900
0.998754859 -0.030931698 -0.039139159 -0.157059014 0.030663302 0.999502063 -0.007439468 -0.085159600 0.039349783 0.006230068 0.999206066 0.585519254
0.998768866 -0.030799067 -0.038884364 -0.157731175 0.030522252 0.999504447 -0.007692678 -0.084411226 0.039102025 0.006496369 0.999214053 0.582643867
0.998801589 -0.029368682 -0.039152473 -0.163346678 0.029065801 0.999543309 -0.008282850 -0.088558197 0.039377835 0.007134927 0.999198914 0.606736660
0.998853385 -0.028167147 -0.038708854 -0.162102506 0.027853066 0.999574780 -0.008629654 -0.087650284 0.038935464 0.007541599 0.999213278 0.600081921
0.998775423 -0.029727038 -0.039547555 -0.162006125 0.029432233 0.999534547 -0.008015965 -0.089040384 0.039767452 0.006842176 0.999185562 0.604218066
0.998761117 -0.030127412 -0.039603621 -0.163426340 0.029848976 0.999525487 -0.007603358 -0.088443577 0.039813902 0.006411812 0.999186516 0.605677366
0.998739481 -0.031054366 -0.039437957 -0.159260362 0.030774849 0.999496877 -0.007675177 -0.085537232 0.039656468 0.006451804 0.999192536 0.592617393
0.998775125 -0.030619334 -0.038868491 -0.160013974 0.030334210 0.999508560 -0.007904421 -0.086184226 0.039091416 0.006715693 0.999213099 0.593167484
0.998913348 -0.026128868 -0.038592491 -0.164577320 0.025777370 0.999621809 -0.009577678 -0.089065745 0.038828153 0.008572455 0.999209106 0.610979915
0.998841524 -0.028424699 -0.038832199 -0.165278763 0.028064299 0.999558151 -0.009794908 -0.089319982 0.039093461 0.008693761 0.999197721 0.612905562
0.998923302 -0.025273152 -0.038904246 -0.165679589 0.024828905 0.999621332 -0.011860070 -0.089900561 0.039189253 0.010881352 0.999172509 0.617562771
0.998913229 -0.024646370 -0.039559644 -0.165849432 0.024141639 0.999621511 -0.013186118 -0.091082387 0.039869662 0.012216749 0.999130189 0.626217663
0.998838365 -0.028118400 -0.039132141 -0.163267463 0.027639994 0.999537110 -0.012713144 -0.088090487 0.039471492 0.011616765 0.999153197 0.612772644
0.998852313 -0.027004214 -0.039558522 -0.165287495 0.026475286 0.999553680 -0.013834314 -0.089297332 0.039914455 0.012771110 0.999121487 0.621629477
0.998897016 -0.026230186 -0.038943093 -0.165135950 0.025655245 0.999555409 -0.015190776 -0.086093597 0.039324235 0.014174926 0.999125898 0.623408556
0.998950243 -0.024215966 -0.038888093 -0.166738719 0.023639489 0.999604762 -0.015216138 -0.086594224 0.039241198 0.014280870 0.999127626 0.629075110
0.998845935 -0.027099868 -0.039653316 -0.171442196 0.026550312 0.999544859 -0.014320770 -0.085968226 0.040023360 0.013251433 0.999110878 0.642781794
0.998746991 -0.027973715 -0.041495446 -0.174965128 0.027428560 0.999530494 -0.013649610 -0.087723933 0.041857798 0.012494346 0.999045432 0.660470843
0.998687506 -0.028658062 -0.042449404 -0.178358883 0.028121805 0.999517679 -0.013176685 -0.089483157 0.042806547 0.011965639 0.999011695 0.667103589
0.998616934 -0.029620871 -0.043440431 -0.185024947 0.028990408 0.999466062 -0.015072330 -0.089580342 0.043863695 0.013792126 0.998942435 0.690498054
0.998498738 -0.032473136 -0.044110388 -0.187159479 0.031823199 0.999375522 -0.015357697 -0.089314774 0.044581551 0.013930908 0.998908579 0.698040307
0.998436809 -0.033561837 -0.044696860 -0.187803268 0.032890711 0.999336123 -0.015667111 -0.089854106 0.045193009 0.014172506 0.998877764 0.701435924
0.998220563 -0.038032889 -0.045925479 -0.189299315 0.037413925 0.999198079 -0.014262928 -0.090840332 0.046431109 0.012519295 0.998843014 0.704377234
0.998095155 -0.040243059 -0.046760421 -0.188070536 0.039643381 0.999120235 -0.013682405 -0.090021089 0.047269903 0.011802601 0.998812437 0.702254236
0.997945905 -0.043641247 -0.046897445 -0.189566582 0.043114502 0.998995841 -0.012185920 -0.090529762 0.047382146 0.010138930 0.998825490 0.703031778
0.997990847 -0.042314399 -0.047159925 -0.189566404 0.041735474 0.999041557 -0.013194087 -0.089771092 0.047673032 0.011199335 0.998800218 0.705886960
0.997932851 -0.043352492 -0.047443315 -0.190290600 0.042740162 0.998990297 -0.013846191 -0.090960026 0.047995683 0.011789829 0.998777986 0.710737765
0.997970998 -0.042839989 -0.047101963 -0.193434656 0.042222779 0.999009848 -0.014021960 -0.094116770 0.047656018 0.012004733 0.998791814 0.717594266
0.998037159 -0.041310180 -0.047067352 -0.194784388 0.040628687 0.999056399 -0.015345247 -0.095663026 0.047656853 0.013402843 0.998773754 0.720478296
0.998107731 -0.039722424 -0.046937428 -0.197539389 0.038940340 0.999088943 -0.017461311 -0.098048955 0.047588274 0.015600510 0.998745203 0.728484333
0.998134613 -0.039319493 -0.046704575 -0.200498790 0.038529530 0.999100745 -0.017696064 -0.101409338 0.047358375 0.015863551 0.998751938 0.733917892
